1
2
3
5
6
7
8
9
10
11
13
14
15
16
17
18
19
20
21
22
24
25
27
29
30
32
34
35
36
37
38
39
40
41
42
44
46
47
48
50
51
53
54
56
57
58
59
60
61
62
63
64
65
66
67
68
69
71
73
74
75
76
78
79
80
81
82
83
85
86
88
89
90
92
93
95
96
99
100
101
102
105
106
107
108
109
110
112
114
115
116
117
118
120
121
122
125
126
128
129
131
133
134
135
137
140
141
142
144
145
146
147
149
150
151
152
153
154
155
158
159
160
162
166
167
170
171
172
174
175
176
177
178
179
181
182
183
184
185
186
187
189
192
193
194
195
196
197
198
199
